3742
7341
9838
9946
16555
17202
18047
22989
26037
26683
26714
30118
30635
31307
31660
32086
37764
39942
43118
44324
50908
52665
53716
54317
55625
61104
61759
65621
74844
83407
85106
88291
100462
112363
118135
140905
144791
162748
164188
174454
177390
178297
184638
189610
194731
197341
197744
200085
231360
235325
240845
249093
252073
263487
274210
275473
282220
282226
293608
300649
302655
324616
324996
326324
336969
337405
349627
369460
375234
377397
387816
390883
393625
400991
407740
409978
416890
428318
430478
432650
446321
446844
460121
469691
487632
503153
514444
519280
550270
552779
564441
577562
592784
593610
641307
643343
644418
661569
672156
737321
753563
808833
840925
842885
875903
890421
899257
945181
1054698
1067715
1110046
1239926
1290018
1430753
1515601
1564212
1577869
1607852
1638820
1742688
1755399
1762258
1875480
1927876
2184228
2204566
2318581
2519261
2793007
3289677
3854200
3931088
4166042
4398564
4991888
5001372
6097240
6719810
7496906
8530103
9209651
11159785
11178271
13245133
16949861
19167679
19461794
19522085
21920404
25103025
