2067
3277
3457
3969
4614
4721
5951
8687
9531
11759
11867
13625
15573
16027
16193
16894
20206
21694
23726
29932
30299
33299
36896
37764
37782
38930
43126
44469
44475
45139
46531
46854
47905
48803
49728
51763
53948
54211
65174
73441
78160
102952
108956
132071
142510
147429
147760
150969
152994
157472
171080
178626
184774
189945
189981
194350
204679
209131
230361
248083
267008
268988
292736
330825
424878
451170
451203
489729
522634
534060
618124
657814
733555
903485
920501
937507
1088360
1095457
1171869
1259246
1308988
1503073
1594608
1838125
1866473
1866627
2043655
2264036
2403543
3461518
3775023
3991193
5574594
5792809
6880483
6976850
12561015
12766321
18996620
24437894
