162535
6151370
2150513
82813
3679488
2034884
682925
529154
231068
1328236
175944
157222
2300721
743410
1094966
5544662
394117
238040
381445
21023
252167
222789
2110323
1775833
1711717
187408
1138116
251815
3410409
2177920
465977
451792
1584036
2266492
486122
459882
697755
845943
645083
1240600
53347
2893954
123248
170965
907547
399476
167064
236060
511584
20501
424540
12233
1539020
68703
5334607
2628362
3028738
363430
253746
187931
280465
1839664
152209
155107
353042
226719
9002157
214155
639819
188257
1310384
1903859
847652
58888
325812
371940
213351
39576
301005
23743707
20647253
178880
169626
2920650
252582
619761
691715
3469080
415293
4108481
2812725
151404
1817852
937744
641954
78160
2107193
680361
401663
1081624
1285208
767860
32703
23399049
148069
80092
13927576
2358320
12688688
386593
399146
2352379
1584994
130118
988365
184843
80197
56887
38289
147618
1681198
7290308
7490861
401045
422269
1366503
1532647
74711
345113
864591
97661
6446053
275564
177043
2438798
458111
334556
1518231
9276466
327427
193513
1589136
684168
18582511
9949623
11173690
537930
3780
8168643
1438456
174165
1332645
1924995
6412330
115695
1884082
157408
251081
195947
4700769
217702
339989
3014113
583877
979165
18616609
397597
19381
43597
2214713
33278
1956387
407239
43948
884607
95840
47768
236502
1197343
1345734
2267003
70219
467823
5042706
554033
14454545
412205
853756
3460
503307
15573
603171
3413811
70959
149621
18589061
79145
900050
6325194
470232
12047
6745
492488
753184
226920
1255570
912571
157211
3354
1367448
29146
65213
12098
164673
239440
25602
54716
23372
1942574
898503
557164
147101
313454
884446
15605478
14660986
287817
205493
12888
44885
608741
269846
229536
1662506
1554529
173993
382064
5706993
1768092
270910
1888318
163076
459560
1686142
13736167
1438547
57877
780941
487553
417933
5359603
76402
12141983
5679842
3249868
28143
400989
412425
1189259
30844
92595
1243129
9058630
185311
43236
742435
2371
400658
166289
696023
75933
1533700
293349
190388
11589522
1255896
963986
11291214
266804
39748
145975
103246
17962
96777
144901
158806
74839
136748
208716
16588
440001
227965
2393994
312990
256406
3147461
23084
543340
487953
1704824
356763
3512453
1759538
1289944
657196
299120
700400
313339
366490
150983
356382
191646
159040
160760
391974
733993
2366356
505605
543935
355738
508998
144439
19084452
192485
7288221
213135
734692
8340
2442032
1163769
5643
37803
206934
93914
735397
981118
883800
8009370
379518
634431
142238
648828
1187874
2426689
78781
266313
592392
29067
26447
854457
242592
1817614
1248859
319525
16391
1656637
701894
151921
2143938
2296348
622881
19480890
174873
100783
2012490
6431571
29438
17238662
7519
2120019
62437
55955
4343016
286469
19531
33693
1147108
288191
1378699
184779
195767
113367
143574
3525871
585009
48146
966302
288636
824618
5224
89580
3944729
1623007
204504
18962604
61961
498635
615769
70124
161778
753096
581762
155380
2875095
208031
29083
70506
1546991
538160
993445
1089717
1434968
670950
39715
412286
57413
266344
252092
7792113
96875
1475124
891661
32788
472505
1558601
864284
92353
84608
256092
389363
162435
102538
58623
591604
7738
5146476
638381
1963680
668958
4536514
23306251
263064
196842
3811
9040547
7008886
21189337
23387052
15105978
125248
704253
295136
1118198
2749598
313697
2766573
20647359
444512
3708
127414
2308112
2163877
3657365
562802
186172
87070
6960
935728
1453013
32529
271543
17842549
148453
52752
322497
2434503
6146164
1164759
82198
380152
811671
211289
164561
100239
6794
1247786
7032865
29837
8781
336275
363856
993845
56872
3191861
5610924
299718
62987
8857962
51801
264507
